!!SYSTEM_INI
NUM_CHANS=1
JEDEC_DATA_BUS_BITS=64
TRANS_QUEUE_DEPTH=32
CMD_QUEUE_DEPTH=32
EPOCH_LENGTH=100000
USE_LOW_POWER=true
TOTAL_ROW_ACCESSES=4
ROW_BUFFER_POLICY=open_page
SCHEDULING_POLICY=rank_then_bank_round_robin
ADDRESS_MAPPING_SCHEME=scheme2
QUEUING_STRUCTURE=per_rank
DEBUG_TRANS_Q=false
DEBUG_CMD_Q=false
DEBUG_ADDR_MAP=false
DEBUG_BANKSTATE=false
DEBUG_BUS=false
DEBUG_BANKS=false
DEBUG_POWER=false
VIS_FILE_OUTPUT=true
VERIFICATION_OUTPUT=false
NUM_RANKS=1
!!DEVICE_INI
NUM_BANKS=8
NUM_ROWS=16384
NUM_COLS=2048
DEVICE_WIDTH=4
REFRESH_PERIOD=7800
tCK=1.25
CL=11
AL=0
BL=8
tRAS=28
tRCD=11
tRRD=5
tRC=39
tRP=11
tCCD=4
tRTP=6
tWTR=6
tWR=12
tRTRS=1
tRFC=88
tFAW=24
tCKE=4
tXP=5
tCMD=1
IDD0=95
IDD1=115
IDD2P=45
IDD2Q=67
IDD2N=70
IDD3Pf=45
IDD3Ps=45
IDD3N=67
IDD4W=250
IDD4R=250
IDD5=260
IDD6=6
IDD6L=6
IDD7=400
Vdd=1.5
!!EPOCH_DATA
ms,Background_Power[0][0],ACT_PRE_Power[0][0],Burst_Power[0][0],Refresh_Power[0][0],Bandwidth[0][0][0],Average_Latency[0][0][0],Bandwidth[0][0][1],Average_Latency[0][0][1],Bandwidth[0][0][2],Average_Latency[0][0][2],Bandwidth[0][0][3],Average_Latency[0][0][3],Bandwidth[0][0][4],Average_Latency[0][0][4],Bandwidth[0][0][5],Average_Latency[0][0][5],Bandwidth[0][0][6],Average_Latency[0][0][6],Bandwidth[0][0][7],Average_Latency[0][0][7],Rank_Aggregate_Bandwidth[0][0],Rank_Average_Bandwidth[0][0],Aggregate_Bandwidth[0],Average_Bandwidth[0],
0.125,1.49965,0.48265,0.333616,0.0652186,0.108719,37.7193,0.110149,38.0411,0.118256,38.4677,0.118732,40.1155,0.115871,39.0329,0.115395,38.094,0.110626,37.5323,0.107288,39.8111,0.905037,0.905037,0.905037,0.11313,
0.25,1.34636,0.288217,0.199221,0.0652186,0.0700951,39.3367,0.0753403,38.5997,0.0677109,39.2165,0.0667572,39.7143,0.0638962,39.0392,0.0667572,39.8393,0.0634193,38.844,0.067234,40.1862,0.54121,0.54121,0.54121,0.0676513,
0.375,1.50302,0.484429,0.336427,0.0652186,0.110626,39.4156,0.113964,38.6762,0.114918,38.5573,0.117779,38.0996,0.116825,38.4825,0.116825,38.9293,0.109196,37.924,0.112534,38.8729,0.912666,0.912666,0.912666,0.114083,
0.5,1.43254,0.375903,0.259831,0.0652186,0.084877,40.1966,0.0886917,40.7527,0.0905991,39.9537,0.0896454,39.488,0.0882149,39.1824,0.0882149,39.0068,0.0882149,39.6487,0.0872612,41.6598,0.705719,0.705719,0.705719,0.0882149,
0.625,1.43078,0.383527,0.265452,0.0652186,0.0839233,39.2973,0.0910759,40.7006,0.0925064,40.5882,0.0925064,39.246,0.0891685,39.4158,0.0872612,40.7935,0.0920296,40.5645,0.0920296,40.5503,0.720501,0.720501,0.720501,0.0900626,
0.75,1.2312,0.162917,0.112611,0.0652186,0.0400543,38.7199,0.0386238,39.3438,0.0376701,38.6234,0.0362396,39.852,0.0362396,37.9899,0.0386238,38.0938,0.0362396,39.1333,0.0419617,41.0057,0.305653,0.305653,0.305653,0.0382066,
0.875,1.26893,0.209936,0.145287,0.0652186,0.0534058,37.6116,0.0524521,39.8295,0.0491142,37.8218,0.0491142,37.8218,0.0491142,37.9369,0.043869,39.8641,0.0457764,38.5156,0.0514984,38.8657,0.394344,0.394344,0.394344,0.049293,
1,1.29677,0.238148,0.166018,0.0652186,0.0562668,38.5761,0.0634193,39.6027,0.0562668,38.9474,0.0548363,38.1757,0.0524521,38.5417,0.0510216,38.8571,0.0600815,40.1033,0.0562668,39.0652,0.450611,0.450611,0.450611,0.0563264,
1.125,1.15241,0.0729439,0.0504202,0.0652186,0.0171661,38.8571,0.0185966,38.2692,0.017643,38.1081,0.0171661,37.8929,0.017643,38.5417,0.0143051,38.375,0.0171661,37.5,0.0171661,41.5278,0.136852,0.136852,0.136852,0.0171065,
1.25,1.22417,0.162917,0.112611,0.0652186,0.0352859,41.3345,0.0414848,37.6868,0.0400543,37.1988,0.0386238,37.1759,0.0386238,38.1636,0.038147,37.3576,0.038147,37.0781,0.0352859,37.0439,0.305653,0.305653,0.305653,0.0382066,
